{
  "advancedEditorSelectedIdentifier" : "ProjectBrowser",
  "openSceneRelativePaths" : [
    "AirJordan.usda",
    "JapaneseShoesGeta.usda"
  ],
  "recentIdentifiers" : {
    "0D44725A-9684-4064-A902-A4C2B19CB2C2" : [

    ],
    "42BF3410-40F9-47D7-8B24-407CAC0EC6E4" : [

    ],
    "3286D2C5-46BA-477D-A853-4837FB38C69B" : [

    ],
    "5805A6FD-1F9D-4286-9675-28C058009100" : [

    ],
    "616406F3-E124-47CD-A6A8-AFD9F52835B3" : [

    ]
  },
  "sceneCameraHistory" : {
    "0D44725A-9684-4064-A902-A4C2B19CB2C2" : [
      {
        "date" : 745597319.527513,
        "title" : "Untitled",
        "transform" : [
          -0.22267021,
          5.9438694e-09,
          -0.9748938,
          0,
          -0.47192824,
          0.87502277,
          0.10779059,
          0,
          0.85305434,
          0.48408177,
          -0.19484152,
          0,
          88.66815,
          75.21448,
          -5.0205073,
          1
        ]
      },
      {
        "date" : 745592118.35506,
        "title" : "Untitled",
        "transform" : [
          -0.4649437,
          2.9003315e-09,
          -0.8853403,
          0,
          -0.23139969,
          0.9652393,
          0.12152144,
          0,
          0.85456514,
          0.26136807,
          -0.44878188,
          0,
          237.47107,
          116.45713,
          2.4686298,
          1
        ]
      },
      {
        "date" : 745592103.389071,
        "title" : "Untitled",
        "transform" : [
          0.036635034,
          2.3772245e-10,
          -0.9993287,
          0,
          0.03510271,
          0.9993829,
          0.0012868537,
          0,
          0.99871194,
          -0.035126287,
          0.03661242,
          0,
          242.10318,
          49.206852,
          139.69542,
          1
        ]
      },
      {
        "date" : 745590655.981244,
        "title" : "Untitled",
        "transform" : [
          -0.26021487,
          2.3672653e-10,
          -0.9655507,
          0,
          -0.016816871,
          0.9998483,
          0.004532129,
          0,
          0.96540415,
          0.017416866,
          -0.26017538,
          0,
          269.7409,
          62.11618,
          62.70162,
          1
        ]
      },
      {
        "date" : 745590649.847069,
        "title" : "Untitled",
        "transform" : [
          -0.3879476,
          9.611437e-10,
          -0.92168146,
          0,
          0.021138854,
          0.999737,
          -0.008897616,
          0,
          0.92143905,
          -0.022935098,
          -0.38784558,
          0,
          254.55898,
          50.07998,
          115.07304,
          1
        ]
      },
      {
        "date" : 745590643.770316,
        "title" : "Untitled",
        "transform" : [
          -0.4350149,
          1.9980018e-10,
          -0.9004233,
          0,
          0.038353764,
          0.9990924,
          -0.018529572,
          0,
          0.89960605,
          -0.042595264,
          -0.43462005,
          0,
          254.56743,
          50.081642,
          115.07686,
          1
        ]
      },
      {
        "date" : 745582763.150883,
        "title" : "Untitled",
        "transform" : [
          0.99999994,
          0,
          -0,
          0,
          -0,
          0.8660254,
          -0.49999988,
          0,
          0,
          0.49999988,
          0.8660254,
          0,
          0,
          0.25385877,
          0.4396964,
          1
        ]
      }
    ],
    "1EB1D700-E3E4-4F79-8878-C793479D27EA" : [
      {
        "date" : 745582559.417284,
        "title" : "Untitled",
        "transform" : [
          0.99999994,
          0,
          -0,
          0,
          -0,
          0.8660254,
          -0.49999988,
          0,
          0,
          0.49999988,
          0.8660254,
          0,
          0,
          0.25385877,
          0.4396964,
          1
        ]
      }
    ],
    "3C984142-EFE5-4ABA-9EA9-14463B42D897" : [
      {
        "date" : 745595167.048314,
        "title" : "Untitled",
        "transform" : [
          0.03859306,
          1.5160191e-09,
          -0.99925506,
          0,
          -0.4800427,
          0.8770492,
          -0.018540129,
          0,
          0.87639576,
          0.48040056,
          0.033848003,
          0,
          181.02895,
          99.23191,
          6.9916983,
          1
        ]
      },
      {
        "date" : 745582760.557691,
        "title" : "Untitled",
        "transform" : [
          0.99999994,
          0,
          -0,
          0,
          -0,
          0.8660254,
          -0.49999988,
          0,
          0,
          0.49999988,
          0.8660254,
          0,
          0,
          0.25385877,
          0.4396964,
          1
        ]
      }
    ],
    "05BACA85-C1A1-4733-9F43-90D6A3CC768D" : [
      {
        "date" : 745582568.254088,
        "title" : "Untitled",
        "transform" : [
          0.99999994,
          0,
          -0,
          0,
          -0,
          0.8660254,
          -0.49999988,
          0,
          0,
          0.49999988,
          0.8660254,
          0,
          0,
          0.25385877,
          0.4396964,
          1
        ]
      }
    ],
    "6E5E4089-A0A6-4E39-AE52-B22809A4B7E4" : [
      {
        "date" : 745582759.067172,
        "title" : "Untitled",
        "transform" : [
          0.99999994,
          0,
          -0,
          0,
          -0,
          0.8660254,
          -0.49999988,
          0,
          0,
          0.49999988,
          0.8660254,
          0,
          0,
          0.25385877,
          0.4396964,
          1
        ]
      }
    ],
    "8FF8E472-071C-44FA-B112-A30C9002977F" : [
      {
        "date" : 745590484.600211,
        "title" : "Untitled",
        "transform" : [
          -0.055401057,
          9.580539e-05,
          -0.99846417,
          0,
          -0.3496713,
          0.9366697,
          0.019491866,
          0,
          0.93523306,
          0.35021415,
          -0.051859025,
          0,
          226.96844,
          148.55933,
          103.49104,
          1
        ]
      },
      {
        "date" : 745590477.348059,
        "title" : "Untitled",
        "transform" : [
          -0.1672653,
          9.5805684e-05,
          -0.985912,
          0,
          -0.111800805,
          0.99354774,
          0.01906419,
          0,
          0.97955245,
          0.11341454,
          -0.16617537,
          0,
          245.76854,
          48.102886,
          54.995285,
          1
        ]
      },
      {
        "date" : 745582769.166918,
        "title" : "Untitled",
        "transform" : [
          0.99999994,
          0,
          -0,
          0,
          -0,
          0.8660254,
          -0.49999988,
          0,
          0,
          0.49999988,
          0.8660254,
          0,
          0,
          0.25385877,
          0.4396964,
          1
        ]
      }
    ],
    "28B2C3BB-A2E4-4FDB-8B53-47BD275F2E4B" : [
      {
        "date" : 745582566.48553,
        "title" : "Untitled",
        "transform" : [
          0.99999994,
          0,
          -0,
          0,
          -0,
          0.8660254,
          -0.49999988,
          0,
          0,
          0.49999988,
          0.8660254,
          0,
          0,
          0.25385877,
          0.4396964,
          1
        ]
      }
    ],
    "42BF3410-40F9-47D7-8B24-407CAC0EC6E4" : [
      {
        "date" : 745582543.460015,
        "title" : "Untitled",
        "transform" : [
          0.2027537,
          6.0482397e-09,
          -0.97922975,
          0,
          -0.14677054,
          0.9887036,
          -0.030389462,
          0,
          0.96816814,
          0.14988366,
          0.20046335,
          0,
          192.43864,
          29.786716,
          39.85855,
          1
        ]
      },
      {
        "date" : 745582396.357242,
        "title" : "Untitled",
        "transform" : [
          0.5688234,
          6.1993486e-09,
          -0.82245964,
          0,
          -0.10896097,
          0.9911854,
          -0.07535877,
          0,
          0.81521004,
          0.13248184,
          0.5638095,
          0,
          162.03056,
          26.327785,
          112.07822,
          1
        ]
      },
      {
        "date" : 745582380.186216,
        "title" : "Untitled",
        "transform" : [
          0.5688234,
          6.1993486e-09,
          -0.82245964,
          0,
          -0.10896097,
          0.9911854,
          -0.07535877,
          0,
          0.81521004,
          0.13248184,
          0.5638095,
          0,
          0.1544342,
          0.019281387,
          0.118083954,
          1
        ]
      },
      {
        "date" : 745582344.831593,
        "title" : "Untitled",
        "transform" : [
          0.5688234,
          -4.123386e-09,
          -0.82245976,
          0,
          -0.108960986,
          0.9911855,
          -0.07535878,
          0,
          0.8152101,
          0.13248186,
          0.56380945,
          0,
          103.44652,
          30.460064,
          32.73462,
          1
        ]
      },
      {
        "date" : 745582340.740314,
        "title" : "Untitled",
        "transform" : [
          0.11979212,
          -6.016321e-11,
          -0.99279904,
          0,
          -0.04269979,
          0.9990747,
          -0.0051521994,
          0,
          0.99188036,
          0.043009505,
          0.11968127,
          0,
          103.44652,
          30.460064,
          32.73462,
          1
        ]
      },
      {
        "date" : 745582334.838237,
        "title" : "Untitled",
        "transform" : [
          0.98349416,
          0.00057629566,
          -0.18093868,
          0,
          -0.11500268,
          0.7740171,
          -0.62263304,
          0,
          0.13969082,
          0.6331644,
          0.7613076,
          0,
          0,
          64.043686,
          110.92692,
          1
        ]
      },
      {
        "date" : 745582325.188765,
        "title" : "Untitled",
        "transform" : [
          0.9998099,
          -1.5122924e-10,
          -0.019496292,
          0,
          -0.009500653,
          0.87323153,
          -0.48721302,
          0,
          0.017024778,
          0.48730564,
          0.8730656,
          0,
          0,
          64.043686,
          110.92692,
          1
        ]
      },
      {
        "date" : 745582322.090838,
        "title" : "Untitled",
        "transform" : [
          0.5626955,
          -0.0002411979,
          -0.8266642,
          0,
          -0.43081602,
          0.8533795,
          -0.29349774,
          0,
          0.70552903,
          0.52129006,
          0.48008886,
          0,
          0,
          64.043686,
          110.92692,
          1
        ]
      },
      {
        "date" : 745582320.017475,
        "title" : "Untitled",
        "transform" : [
          0.98439586,
          -1.0807076e-05,
          -0.17596819,
          0,
          -0.092534326,
          0.85054046,
          -0.51770496,
          0,
          0.14967366,
          0.5259097,
          0.8372675,
          0,
          0,
          64.043686,
          110.92692,
          1
        ]
      },
      {
        "date" : 745582309.417159,
        "title" : "Untitled",
        "transform" : [
          0.99999994,
          0,
          -0,
          0,
          -0,
          0.8660254,
          -0.49999988,
          0,
          0,
          0.49999988,
          0.8660254,
          0,
          0,
          0.25385877,
          0.4396964,
          1
        ]
      }
    ],
    "48A7DDBA-23C5-41E9-B8C7-4F69EBAB46C8" : [
      {
        "date" : 745582770.740821,
        "title" : "Untitled",
        "transform" : [
          0.99999994,
          0,
          -0,
          0,
          -0,
          0.8660254,
          -0.49999988,
          0,
          0,
          0.49999988,
          0.8660254,
          0,
          0,
          0.25385877,
          0.4396964,
          1
        ]
      }
    ],
    "96DD25B1-6D73-4E33-A1F5-5A71FA9C4C4D" : [
      {
        "date" : 745582558.388902,
        "title" : "Untitled",
        "transform" : [
          0.99999994,
          0,
          -0,
          0,
          -0,
          0.8660254,
          -0.49999988,
          0,
          0,
          0.49999988,
          0.8660254,
          0,
          0,
          0.25385877,
          0.4396964,
          1
        ]
      }
    ],
    "164B1CCA-7AB2-4B66-A8D0-A54C3E6AE55E" : [
      {
        "date" : 745582560.743035,
        "title" : "Untitled",
        "transform" : [
          0.99999994,
          0,
          -0,
          0,
          -0,
          0.8660254,
          -0.49999988,
          0,
          0,
          0.49999988,
          0.8660254,
          0,
          0,
          0.25385877,
          0.4396964,
          1
        ]
      }
    ],
    "0581DA05-09CD-4108-BD59-E86ECB756473" : [
      {
        "date" : 745590386.621914,
        "title" : "Untitled",
        "transform" : [
          -0.06992245,
          0.00043810805,
          -0.9975524,
          0,
          -0.30272636,
          0.95283186,
          0.021637782,
          0,
          0.9505092,
          0.30349833,
          -0.06649172,
          0,
          231.68883,
          126.164116,
          25.209057,
          1
        ]
      },
      {
        "date" : 745590339.567048,
        "title" : "Untitled",
        "transform" : [
          0.09538267,
          3.9419233e-06,
          -0.99544066,
          0,
          -0.79751223,
          0.5984439,
          -0.07641489,
          0,
          0.5957151,
          0.80116475,
          0.057084326,
          0,
          245.97131,
          463.85925,
          83.87022,
          1
        ]
      },
      {
        "date" : 745590334.324116,
        "title" : "Untitled",
        "transform" : [
          0.28156555,
          -3.7904613e-09,
          -0.95954204,
          0,
          -0.80441135,
          0.54516554,
          -0.23604442,
          0,
          0.5231092,
          0.8383284,
          0.15349984,
          0,
          54.276688,
          156.6379,
          27.619991,
          1
        ]
      },
      {
        "date" : 745583173.117862,
        "title" : "Untitled",
        "transform" : [
          0.28156555,
          -3.7904613e-09,
          -0.95954204,
          0,
          -0.80441135,
          0.54516554,
          -0.23604442,
          0,
          0.5231092,
          0.8383284,
          0.15349984,
          0,
          78.51576,
          195.47858,
          34.734184,
          1
        ]
      },
      {
        "date" : 745583134.95361,
        "title" : "Untitled",
        "transform" : [
          0.82849103,
          -6.534151e-11,
          -0.56000245,
          0,
          -0.14163905,
          0.9674857,
          -0.20954674,
          0,
          0.5417943,
          0.25292578,
          0.8015532,
          0,
          69.146225,
          73.015396,
          122.33766,
          1
        ]
      },
      {
        "date" : 745583111.619717,
        "title" : "Untitled",
        "transform" : [
          0.19827442,
          -0.00013404422,
          -0.9801466,
          0,
          -0.2220823,
          0.97398627,
          -0.045058347,
          0,
          0.9546553,
          0.22660707,
          0.19308677,
          0,
          69.146225,
          73.015396,
          122.33766,
          1
        ]
      },
      {
        "date" : 745582768.410302,
        "title" : "Untitled",
        "transform" : [
          0.99999994,
          0,
          -0,
          0,
          -0,
          0.8660254,
          -0.49999988,
          0,
          0,
          0.49999988,
          0.8660254,
          0,
          0,
          0.25385877,
          0.4396964,
          1
        ]
      }
    ],
    "621C72B0-182D-47B5-ADAD-A93AD7C75381" : [
      {
        "date" : 745592293.723347,
        "title" : "Untitled",
        "transform" : [
          -0.07949833,
          1.1692845e-10,
          -0.996835,
          0,
          -0.31126606,
          0.94999856,
          0.0248237,
          0,
          0.94699186,
          0.31225437,
          -0.0755233,
          0,
          162.52689,
          104.51582,
          32.95442,
          1
        ]
      },
      {
        "date" : 745583168.504947,
        "title" : "Untitled",
        "transform" : [
          0.19871911,
          1.0984634e-09,
          -0.98005646,
          0,
          -0.5225513,
          0.84599876,
          -0.10595401,
          0,
          0.82912666,
          0.5331848,
          0.1681161,
          0,
          162.52689,
          104.51582,
          32.95442,
          1
        ]
      },
      {
        "date" : 745583142.552441,
        "title" : "Untitled",
        "transform" : [
          0.4315999,
          -2.2157487e-10,
          -0.9020651,
          0,
          -0.401904,
          0.89526314,
          -0.19229402,
          0,
          0.80758566,
          0.44553766,
          0.38639548,
          0,
          164.07188,
          90.516945,
          78.501434,
          1
        ]
      },
      {
        "date" : 745582767.601663,
        "title" : "Untitled",
        "transform" : [
          0.99999994,
          0,
          -0,
          0,
          -0,
          0.8660254,
          -0.49999988,
          0,
          0,
          0.49999988,
          0.8660254,
          0,
          0,
          0.25385877,
          0.4396964,
          1
        ]
      }
    ],
    "826B8EDB-B04E-4D21-817F-7A31FD470414" : [
      {
        "date" : 745582561.94766,
        "title" : "Untitled",
        "transform" : [
          0.99999994,
          0,
          -0,
          0,
          -0,
          0.8660254,
          -0.49999988,
          0,
          0,
          0.49999988,
          0.8660254,
          0,
          0,
          0.25385877,
          0.4396964,
          1
        ]
      }
    ],
    "932D2729-C112-4B71-8905-D71D60377A60" : [
      {
        "date" : 745582769.936543,
        "title" : "Untitled",
        "transform" : [
          0.99999994,
          0,
          -0,
          0,
          -0,
          0.8660254,
          -0.49999988,
          0,
          0,
          0.49999988,
          0.8660254,
          0,
          0,
          0.25385877,
          0.4396964,
          1
        ]
      }
    ],
    "01923BFF-FFC3-401D-BDBD-827F4F2E2119" : [
      {
        "date" : 745582758.188005,
        "title" : "Untitled",
        "transform" : [
          0.99999994,
          0,
          -0,
          0,
          -0,
          0.8660254,
          -0.49999988,
          0,
          0,
          0.49999988,
          0.8660254,
          0,
          0,
          0.25385877,
          0.4396964,
          1
        ]
      }
    ],
    "3286D2C5-46BA-477D-A853-4837FB38C69B" : [
      {
        "date" : 745519912.202641,
        "title" : "Untitled",
        "transform" : [
          0.24481192,
          0.006944146,
          0.9695457,
          0,
          0.29512075,
          0.95199156,
          -0.0813369,
          0,
          -0.92356414,
          0.3060453,
          0.23100962,
          0,
          -358.2043,
          65.8766,
          155.73155,
          1
        ]
      },
      {
        "date" : 745519869.376332,
        "title" : "Untitled",
        "transform" : [
          0.76950854,
          0.006944146,
          0.6385987,
          0,
          0.06900729,
          0.9931821,
          -0.093953356,
          0,
          -0.6348972,
          0.11636589,
          0.763783,
          0,
          -200.46315,
          -9.81494,
          341.49753,
          1
        ]
      },
      {
        "date" : 745519846.688546,
        "title" : "Untitled",
        "transform" : [
          -0.034969963,
          0.0069441483,
          0.9993642,
          0,
          0.16961989,
          0.9855091,
          -0.00091248663,
          0,
          -0.98488885,
          0.16948014,
          -0.03564104,
          0,
          -392.78555,
          11.165359,
          49.972145,
          1
        ]
      },
      {
        "date" : 745519841.675571,
        "title" : "Untitled",
        "transform" : [
          0.6021975,
          0.0069441483,
          0.7983169,
          0,
          0.29274112,
          0.92838967,
          -0.22890013,
          0,
          -0.74273866,
          0.3715433,
          0.55704117,
          0,
          -265.31476,
          92.53562,
          279.19104,
          1
        ]
      },
      {
        "date" : 745519827.730865,
        "title" : "Untitled",
        "transform" : [
          0.6021975,
          0.006944152,
          0.79831696,
          0,
          0.29274112,
          0.9283896,
          -0.22890021,
          0,
          -0.7427387,
          0.37154332,
          0.55704105,
          0,
          -1105.6301,
          5.8489604,
          -1083.6611,
          1
        ]
      },
      {
        "date" : 745519824.321531,
        "title" : "Untitled",
        "transform" : [
          0.6021975,
          0.006944152,
          0.79831696,
          0,
          0.29274112,
          0.9283896,
          -0.22890021,
          0,
          -0.7427387,
          0.37154332,
          0.55704105,
          0,
          -1476.8772,
          191.57036,
          -805.2784,
          1
        ]
      },
      {
        "date" : 745519811.403963,
        "title" : "Untitled",
        "transform" : [
          0.60219765,
          0.006944154,
          0.79831713,
          0,
          0.29274115,
          0.9283897,
          -0.22890024,
          0,
          -0.7427387,
          0.37154332,
          0.55704105,
          0,
          -1478.512,
          192.38805,
          -804.05237,
          1
        ]
      },
      {
        "date" : 745519803.351973,
        "title" : "Untitled",
        "transform" : [
          0.90503466,
          0.0069441944,
          -0.42528126,
          0,
          0.40829504,
          0.26601553,
          0.87323016,
          0,
          0.11919528,
          -0.96394366,
          0.23791796,
          0,
          -1032.6937,
          -498.46573,
          -968.876,
          1
        ]
      },
      {
        "date" : 745519798.265123,
        "title" : "Untitled",
        "transform" : [
          0.90503466,
          0.0069441944,
          -0.42528126,
          0,
          0.40829504,
          0.26601553,
          0.87323016,
          0,
          0.11919528,
          -0.96394366,
          0.23791796,
          0,
          -1076.99,
          -141.13118,
          -1057.0881,
          1
        ]
      },
      {
        "date" : 745519772.456579,
        "title" : "Untitled",
        "transform" : [
          0.96628076,
          -2.34611e-09,
          -0.2574913,
          0,
          0.015829591,
          0.99810857,
          0.05940327,
          0,
          0.2570043,
          -0.061476234,
          0.964453,
          0,
          302.38776,
          -185.061,
          1044.464,
          1
        ]
      }
    ],
    "5805A6FD-1F9D-4286-9675-28C058009100" : [
      {
        "date" : 745597549.77208,
        "title" : "Untitled",
        "transform" : [
          -0.15975699,
          5.571618e-09,
          -0.98715633,
          0,
          -0.029315107,
          0.9995589,
          0.004744214,
          0,
          0.986721,
          0.029696476,
          -0.15968652,
          0,
          137.66125,
          30.944727,
          -11.058082,
          1
        ]
      },
      {
        "date" : 745596550.26759,
        "title" : "Untitled",
        "transform" : [
          -0.014610635,
          -1.1575804e-09,
          -0.99989325,
          0,
          -0.54411405,
          0.8389736,
          0.007950688,
          0,
          0.838884,
          0.54417205,
          -0.012257913,
          0,
          101.756714,
          97.89828,
          9.590587,
          1
        ]
      },
      {
        "date" : 745595895.974576,
        "title" : "Untitled",
        "transform" : [
          0.29781288,
          -1.4375443e-09,
          -0.9546243,
          0,
          -0.33981535,
          0.93449825,
          -0.106011756,
          0,
          0.8920947,
          0.35596764,
          0.27830562,
          0,
          111.150856,
          74.39274,
          46.278366,
          1
        ]
      },
      {
        "date" : 745595892.173576,
        "title" : "Untitled",
        "transform" : [
          -0.06842756,
          2.5404323e-10,
          -0.9976561,
          0,
          -0.17257397,
          0.9849254,
          0.011836557,
          0,
          0.98261684,
          0.17297943,
          -0.06739604,
          0,
          132.23566,
          50.399185,
          2.032498,
          1
        ]
      },
      {
        "date" : 745595878.775705,
        "title" : "Untitled",
        "transform" : [
          0.02776354,
          6.5589517e-10,
          -0.99961454,
          0,
          -0.38389903,
          0.9233135,
          -0.010662507,
          0,
          0.9229576,
          0.38404706,
          0.02563446,
          0,
          117.23372,
          77.982,
          14.336647,
          1
        ]
      },
      {
        "date" : 745595180.489634,
        "title" : "Untitled",
        "transform" : [
          0.027763536,
          6.558951e-10,
          -0.9996144,
          0,
          -0.38389903,
          0.9233135,
          -0.010662507,
          0,
          0.9229576,
          0.38404706,
          0.02563446,
          0,
          136.37404,
          90.71385,
          16.67734,
          1
        ]
      },
      {
        "date" : 745594485.37299,
        "title" : "Untitled",
        "transform" : [
          -0.08611893,
          1.0886321e-09,
          -0.9962848,
          0,
          -0.22241718,
          0.974762,
          0.019225756,
          0,
          0.97114056,
          0.22324654,
          -0.08394545,
          0,
          150.64764,
          66.41004,
          -0.08926236,
          1
        ]
      },
      {
        "date" : 745594464.017548,
        "title" : "Untitled",
        "transform" : [
          -0.16476992,
          -1.0403467e-10,
          -0.98633206,
          0,
          -0.1331297,
          0.9908491,
          0.02223974,
          0,
          0.9773062,
          0.13497452,
          -0.16326211,
          0,
          155.90112,
          52.236023,
          8.4416,
          1
        ]
      },
      {
        "date" : 745594446.819167,
        "title" : "Untitled",
        "transform" : [
          -0.16476992,
          -1.0403467e-10,
          -0.98633206,
          0,
          -0.1331297,
          0.9908491,
          0.02223974,
          0,
          0.9773062,
          0.13497452,
          -0.16326211,
          0,
          162.72708,
          54.52312,
          8.811207,
          1
        ]
      },
      {
        "date" : 745594398.530349,
        "title" : "Untitled",
        "transform" : [
          0.009120856,
          -1.1223297e-10,
          -0.9999584,
          0,
          -0.16594432,
          0.986134,
          -0.0015136173,
          0,
          0.9860929,
          0.16595122,
          0.008994386,
          0,
          156.93446,
          59.479374,
          36.93621,
          1
        ]
      }
    ],
    "6314A2D2-786F-4B7C-9960-E600441DEBCB" : [
      {
        "date" : 745582759.835377,
        "title" : "Untitled",
        "transform" : [
          0.99999994,
          0,
          -0,
          0,
          -0,
          0.8660254,
          -0.49999988,
          0,
          0,
          0.49999988,
          0.8660254,
          0,
          0,
          0.25385877,
          0.4396964,
          1
        ]
      }
    ],
    "6316EC09-DC7D-4050-9EF9-ED9862CCDF6B" : [
      {
        "date" : 745663948.93789,
        "title" : "Untitled",
        "transform" : [
          -0.14320539,
          4.5460258e-10,
          -0.989693,
          0,
          -0.045768294,
          0.99893016,
          0.0066225254,
          0,
          0.9886341,
          0.046244938,
          -0.14305218,
          0,
          204.82536,
          55.43543,
          40.715538,
          1
        ]
      },
      {
        "date" : 745663939.961792,
        "title" : "Untitled",
        "transform" : [
          0.99999994,
          0,
          0,
          0,
          0,
          0.8660254,
          -0.49999988,
          0,
          0,
          0.49999988,
          0.8660254,
          0,
          0,
          55.843224,
          96.7233,
          1
        ]
      },
      {
        "date" : 745582766.950707,
        "title" : "Untitled",
        "transform" : [
          0.99999994,
          0,
          -0,
          0,
          -0,
          0.8660254,
          -0.49999988,
          0,
          0,
          0.49999988,
          0.8660254,
          0,
          0,
          0.25385877,
          0.4396964,
          1
        ]
      }
    ],
    "7114AAFC-2A5A-40C9-8543-92E5CCBB1803" : [
      {
        "date" : 745582562.584996,
        "title" : "Untitled",
        "transform" : [
          0.99999994,
          0,
          -0,
          0,
          -0,
          0.8660254,
          -0.49999988,
          0,
          0,
          0.49999988,
          0.8660254,
          0,
          0,
          0.25385877,
          0.4396964,
          1
        ]
      }
    ],
    "41128E38-2FE1-4078-AF71-0FE1382FB8B4" : [
      {
        "date" : 745598154.616761,
        "title" : "Untitled",
        "transform" : [
          0.5118751,
          -1.2002196e-08,
          -0.8590599,
          0,
          -0.2924147,
          0.9402847,
          -0.17423674,
          0,
          0.8077609,
          0.3403892,
          0.4813083,
          0,
          114.56927,
          48.279324,
          68.26666,
          1
        ]
      },
      {
        "date" : 745598119.872437,
        "title" : "Untitled",
        "transform" : [
          0.3758908,
          -6.867959e-06,
          -0.9266641,
          0,
          -0.54142433,
          0.81155586,
          -0.21962869,
          0,
          0.7520412,
          0.5842748,
          0.30505267,
          0,
          64.26546,
          39.41893,
          53.555714,
          1
        ]
      },
      {
        "date" : 745582761.279223,
        "title" : "Untitled",
        "transform" : [
          0.99999994,
          0,
          -0,
          0,
          -0,
          0.8660254,
          -0.49999988,
          0,
          0,
          0.49999988,
          0.8660254,
          0,
          0,
          0.25385877,
          0.4396964,
          1
        ]
      }
    ],
    "614609F2-403D-4977-9FB8-126A5694B111" : [
      {
        "date" : 745582567.192309,
        "title" : "Untitled",
        "transform" : [
          0.99999994,
          0,
          -0,
          0,
          -0,
          0.8660254,
          -0.49999988,
          0,
          0,
          0.49999988,
          0.8660254,
          0,
          0,
          0.25385877,
          0.4396964,
          1
        ]
      }
    ],
    "616406F3-E124-47CD-A6A8-AFD9F52835B3" : [
      {
        "date" : 745602720.469108,
        "title" : "Untitled",
        "transform" : [
          -0.052225783,
          5.1131654e-10,
          -0.9986353,
          0,
          -0.13435818,
          0.9909079,
          0.007026551,
          0,
          0.98955566,
          0.1345418,
          -0.051750943,
          0,
          159.2576,
          46.899357,
          -14.034937,
          1
        ]
      },
      {
        "date" : 745602436.779506,
        "title" : "Untitled",
        "transform" : [
          -0.052225783,
          5.1131654e-10,
          -0.9986353,
          0,
          -0.13435818,
          0.9909079,
          0.007026551,
          0,
          0.98955566,
          0.1345418,
          -0.051750943,
          0,
          0.6197945,
          0.18252164,
          -0.054620773,
          1
        ]
      },
      {
        "date" : 745599872.682401,
        "title" : "Untitled",
        "transform" : [
          -0.09816504,
          -2.4168667e-10,
          -0.9951702,
          0,
          -0.24501872,
          0.96921706,
          0.024169005,
          0,
          0.96453583,
          0.24620786,
          -0.09514323,
          0,
          46.609867,
          13.726015,
          -4.1075993,
          1
        ]
      },
      {
        "date" : 745599826.932764,
        "title" : "Untitled",
        "transform" : [
          -0.08757981,
          -5.4563434e-09,
          -0.9961575,
          0,
          -0.28021085,
          0.95962226,
          0.024635486,
          0,
          0.955935,
          0.28129175,
          -0.08404358,
          0,
          56.388905,
          16.605818,
          -4.969399,
          1
        ]
      },
      {
        "date" : 745599642.541482,
        "title" : "Untitled",
        "transform" : [
          -0.020436615,
          -5.493708e-09,
          -0.99979115,
          0,
          -0.32450563,
          0.9458605,
          0.0066331895,
          0,
          0.945663,
          0.32457343,
          -0.019330226,
          0,
          55.783184,
          19.15896,
          -1.1520344,
          1
        ]
      },
      {
        "date" : 745599602.057833,
        "title" : "Untitled",
        "transform" : [
          -0.020436615,
          -5.493708e-09,
          -0.99979115,
          0,
          -0.32450563,
          0.9458605,
          0.0066331895,
          0,
          0.945663,
          0.32457343,
          -0.019330226,
          0,
          0.11923837,
          0.055208035,
          -0.01433461,
          1
        ]
      },
      {
        "date" : 745599598.558158,
        "title" : "Untitled",
        "transform" : [
          -0.020436615,
          -5.493708e-09,
          -0.99979115,
          0,
          -0.32450563,
          0.9458605,
          0.0066331895,
          0,
          0.945663,
          0.32457343,
          -0.019330226,
          0,
          57.10388,
          26.439411,
          -6.8649173,
          1
        ]
      },
      {
        "date" : 745599569.96106,
        "title" : "Untitled",
        "transform" : [
          -0.020436615,
          -5.493708e-09,
          -0.99979115,
          0,
          -0.32450563,
          0.9458605,
          0.0066331895,
          0,
          0.945663,
          0.32457343,
          -0.019330226,
          0,
          37.67152,
          19.770115,
          -6.46773,
          1
        ]
      },
      {
        "date" : 745599568.260312,
        "title" : "Untitled",
        "transform" : [
          -0.020436615,
          5.005076e-09,
          -0.99979115,
          0,
          -0.32450563,
          0.9458605,
          0.0066332044,
          0,
          0.945663,
          0.3245734,
          -0.019330226,
          0,
          37.671528,
          19.770119,
          -6.4677362,
          1
        ]
      },
      {
        "date" : 745599560.275435,
        "title" : "Untitled",
        "transform" : [
          -0.020436728,
          -1.7458822e-10,
          -0.9997911,
          0,
          -0.32450563,
          0.9458605,
          0.00663322,
          0,
          0.945663,
          0.32457346,
          -0.019330291,
          0,
          66.16427,
          22.55259,
          -1.3678039,
          1
        ]
      }
    ],
    "812008A6-5FC4-42CE-9D7E-B985C0AB22EF" : [
      {
        "date" : 745582772.340205,
        "title" : "Untitled",
        "transform" : [
          0.99999994,
          0,
          -0,
          0,
          -0,
          0.8660254,
          -0.49999988,
          0,
          0,
          0.49999988,
          0.8660254,
          0,
          0,
          0.25385877,
          0.4396964,
          1
        ]
      }
    ],
    "61412349-E35F-471B-AAE0-C68FA6DF84BA" : [
      {
        "date" : 745582563.240644,
        "title" : "Untitled",
        "transform" : [
          0.99999994,
          0,
          -0,
          0,
          -0,
          0.8660254,
          -0.49999988,
          0,
          0,
          0.49999988,
          0.8660254,
          0,
          0,
          0.25385877,
          0.4396964,
          1
        ]
      }
    ],
    "62019783-9D20-4FCE-876A-3AEF5C6EDD6C" : [
      {
        "date" : 745582569.449921,
        "title" : "Untitled",
        "transform" : [
          0.99999994,
          0,
          -0,
          0,
          -0,
          0.8660254,
          -0.49999988,
          0,
          0,
          0.49999988,
          0.8660254,
          0,
          0,
          0.25385877,
          0.4396964,
          1
        ]
      }
    ],
    "73864252-DB4F-4F6D-9443-F9F50FBBDAC0" : [
      {
        "date" : 745582564.500277,
        "title" : "Untitled",
        "transform" : [
          0.99999994,
          0,
          -0,
          0,
          -0,
          0.8660254,
          -0.49999988,
          0,
          0,
          0.49999988,
          0.8660254,
          0,
          0,
          0.25385877,
          0.4396964,
          1
        ]
      }
    ],
    "A9E72527-8EDC-4F8A-8860-2DAF87EE620B" : [
      {
        "date" : 745582561.364772,
        "title" : "Untitled",
        "transform" : [
          0.99999994,
          0,
          -0,
          0,
          -0,
          0.8660254,
          -0.49999988,
          0,
          0,
          0.49999988,
          0.8660254,
          0,
          0,
          0.25385877,
          0.4396964,
          1
        ]
      }
    ],
    "B3ED1EDE-257C-4576-898E-E70B9790A834" : [
      {
        "date" : 745582563.882081,
        "title" : "Untitled",
        "transform" : [
          0.99999994,
          0,
          -0,
          0,
          -0,
          0.8660254,
          -0.49999988,
          0,
          0,
          0.49999988,
          0.8660254,
          0,
          0,
          0.25385877,
          0.4396964,
          1
        ]
      }
    ],
    "B87757C2-5F26-454D-9FF7-2F7BCD8FE834" : [
      {
        "date" : 745582506.845639,
        "title" : "Untitled",
        "transform" : [
          0.99999994,
          0,
          -0,
          0,
          -0,
          0.8660254,
          -0.49999988,
          0,
          0,
          0.49999988,
          0.8660254,
          0,
          0,
          0.25385877,
          0.4396964,
          1
        ]
      }
    ],
    "CAB5AA28-6E23-4B02-A80A-E705D59C34BE" : [
      {
        "date" : 745582565.816,
        "title" : "Untitled",
        "transform" : [
          0.99999994,
          0,
          -0,
          0,
          -0,
          0.8660254,
          -0.49999988,
          0,
          0,
          0.49999988,
          0.8660254,
          0,
          0,
          0.25385877,
          0.4396964,
          1
        ]
      }
    ],
    "CB57D62F-BDAB-40CD-A376-BFBA4DB6C027" : [
      {
        "date" : 745582570.454514,
        "title" : "Untitled",
        "transform" : [
          0.99999994,
          0,
          -0,
          0,
          -0,
          0.8660254,
          -0.49999988,
          0,
          0,
          0.49999988,
